INSERT INTO public.recette (
ingredient_id, produit_id
) VALUES 
(2,5), (2,6), (2,7), (2,8), (2,12),
(3,1), (3,2), (3,3), (3,4), (3,5), (3,6), (3,7), (3,8), (3,10), (3,12),
(4,1),
(5,2), (5,3), (5,4), (5,5), (5,6), (5,9), (5,10), (5,11), (5,12),
(6,3),
(7,9), (7,10), (7,11),
(8,2),
(9,5), (9,6),
(11,12),
(12,9), (12,11),
(13,3), (13,6),
(14,4), (14,5), (14,6), (14,7), (14,8), (14,9), (14,11), (14,12),
(15,4), (15,5), (15,6), (15,7), (15,8),
(16,4), (16,7), (16,8), (16,11),
(17,4),
(18,5), (18,6),
(19,9),
(21,7), (21,8),
(22,10);